0	0.000000
1	0.000000
2	0.000000
3	0.000000
4	0.000000
5	0.000000
6	0.000000
7	0.000000
8	0.000000
9	0.000000
10	0.000000
11	0.000000
12	0.000000
13	0.000000
14	4630804223985380483294822400.000000
15	4725863582023493932285952.000000
16	66758086759211134353408.000000
17	4495045337187938743338663936.000000
18	18654016747776255291347399868416.000000
19	3333.198975
20	0.000003
21	1.000000
22	1.000000
23	1.000000
24	1.000000
25	1.000000
26	0.906113
27	0.072365
28	0.000370
29	0.000097
30	0.001443
31	0.021573
32	0.156867
33	0.440042
34	0.877970
35	0.978788
36	0.993873
37	1.000000
38	1.000000
39	1.000000
40	17753505396390770568274640896.000000
41	1.000000
42	1.000000
43	1.000000
44	1.000000
45	0.000000
46	0.084809
47	0.000305
48	-0.000048
49	-0.000108
50	0.000032
51	0.008162
52	0.093024
53	0.422003
54	0.844813
55	0.991882
56	1.000000
57	1.000000
58	1.000000
59	1.000000
60	1114297342930432442635386880.000000
61	0.001427
62	0.087972
63	0.000000
64	0.109284
65	-0.000005
66	-0.024919
67	-0.120367
68	-0.046027
69	-0.012504
70	-0.000299
71	0.001635
72	0.047774
73	0.315551
74	0.908002
75	0.995022
76	0.000000
77	1.000000
78	0.090609
79	-0.000174
80	0.000000
81	-0.130873
82	-0.034975
83	-0.006065
84	-0.206588
85	0.000000
86	-0.662289
87	-0.437496
88	-0.169294
89	-0.039602
90	-0.003550
91	0.000027
92	0.012776
93	0.139000
94	0.553571
95	0.000000
96	0.002134
97	0.000000
98	-0.000079
99	-0.599039
100	0.000000
101	-0.398413
102	-0.646815
103	0.000000
104	-0.998641
105	-0.988669
106	-0.932551
107	-0.775624
108	-0.264290
109	-0.081108
110	-0.015081
111	-0.001577
112	-0.000028
113	0.000002
114	0.000897
115	-0.008021
116	0.000000
117	0.000000
118	-0.939084
119	-0.773016
120	0.000000
121	-1.000000
122	-1.000000
123	-1.000000
124	-0.992423
125	-0.967476
126	-0.912923
127	-0.678062
128	-0.276711
129	-0.093106
130	-0.030708
131	-0.012949
132	-0.019017
133	-0.041858
134	-0.276977
135	-0.664368
136	-1.000000
137	-0.929199
138	-0.756834
139	-0.508653
140	4725863582023493932285952.000000
141	-1.000000
142	-1.000000
143	-1.000000
144	-0.970216
145	-0.887765
146	-0.748741
147	-0.418501
148	-0.201539
149	-0.091585
150	-0.038785
151	-0.034356
152	-0.069979
153	-0.290783
154	-0.645279
155	-0.871208
156	0.000000
157	-0.443807
158	-0.418099
159	-0.201136
160	18041825940227514604562939904.000000
161	-0.375220
162	-0.644801
163	0.000000
164	-0.713159
165	-0.600048
166	-0.552027
167	-0.277454
168	-0.139880
169	-0.070848
170	-0.035278
171	-0.031312
172	-0.066666
173	-0.181059
174	-0.409006
175	-0.425948
176	-0.080912
177	-0.000387
178	-0.000026
179	-0.007635
180	-nan
181	-0.079986
182	-0.011156
183	-0.002830
184	-0.035295
185	-0.186394
186	-0.166722
187	-0.112440
188	-0.067177
189	-0.039317
190	-0.026514
191	-0.024213
192	-0.030086
193	-0.046491
194	-0.053547
195	-0.012000
196	0.004471
197	0.000000
198	0.398435
199	0.112856
200	-nan
201	0.001974
202	0.132887
203	0.000000
204	0.052161
205	-0.000378
206	-0.013217
207	-0.027469
208	-0.033924
209	-0.028449
210	-0.023083
211	-0.019218
212	-0.016716
213	-0.012880
214	-0.006695
215	-0.000004
216	0.152610
217	0.791528
218	0.932508
219	0.868540
220	0.000000
221	0.107277
222	0.342263
223	0.432674
224	0.092884
225	-0.000051
226	-0.012297
227	-0.024873
228	-0.034511
229	-0.036194
230	-0.033649
231	-0.026375
232	-0.014710
233	-0.005259
234	-0.000125
235	0.003901
236	0.101015
237	0.554746
238	0.622185
239	0.840811
240	0.000000
241	0.002155
242	0.000326
243	0.005686
244	-0.000045
245	-0.002933
246	-0.027361
247	-0.051639
248	-0.062509
249	-0.073293
250	-0.070759
251	-0.059103
252	-0.027509
253	-0.007895
254	-0.000190
255	0.009631
256	0.117414
257	0.586869
258	0.686300
259	0.914353
260	0.000000
261	-0.046903
262	-0.085720
263	-0.103561
264	-0.108508
265	-0.119198
266	-0.113734
267	-0.118997
268	-0.133426
269	-0.143933
270	-0.161417
271	-0.157009
272	-0.083093
273	-0.035567
274	-0.007049
275	0.004473
276	0.342400
277	0.836155
278	0.968451
279	0.989330
280	0.000000
281	-0.405755
282	-0.510572
283	-0.561033
284	-0.550406
285	-0.528223
286	-0.349299
287	-0.272317
288	-0.257366
289	-0.283973
290	-0.347948
291	-0.433536
292	-0.278243
293	-0.178131
294	-0.063532
295	0.007574
296	0.491520
297	0.000000
298	1.000000
299	1.000000
300	0.000000
301	-0.646450
302	-0.774149
303	-0.828074
304	-0.825146
305	-0.847962
306	-0.703912
307	-0.537678
308	-0.441001
309	-0.533888
310	-0.676709
311	-0.782040
312	-0.646805
313	-0.490225
314	-0.200208
315	0.005823
316	0.608473
317	1.000000
318	1.000000
319	1.000000
320	0.000000
321	-0.853423
322	-0.943866
323	0.000000
324	-0.961426
325	-0.948112
326	-0.932468
327	-0.891613
328	-0.770143
329	-0.885242
330	-0.939469
331	-0.922082
332	-0.853104
333	-0.764035
334	-0.277491
335	0.001073
336	0.000000
337	1.000000
338	1.000000
339	1.000000
340	-nan
341	-1.000000
342	-1.000000
343	-1.000000
344	-1.000000
345	0.000000
346	-0.985575
347	-0.970531
348	-0.961883
349	-0.973728
350	-0.991000
351	0.000000
352	-0.976533
353	-0.963251
354	0.000000
355	-0.164583
356	0.009759
357	0.000000
358	0.762518
359	0.673032
360	0.000000
361	-1.000000
362	-1.000000
363	-1.000000
364	-1.000000
365	-1.000000
366	-1.000000
367	-0.987320
368	-0.976468
369	-0.983097
370	-0.994404
371	-1.000000
372	-1.000000
373	-1.000000
374	-1.000000
375	-1.000000
376	0.000000
377	-0.000250
378	0.070018
379	0.115429
380	-nan
381	-1.000000
382	-1.000000
383	-1.000000
384	-1.000000
385	-1.000000
386	-1.000000
387	-0.993308
388	-0.988929
389	-0.985811
390	-0.994383
391	-1.000000
392	-1.000000
393	-1.000000
394	-1.000000
395	-1.000000
396	-0.922525
397	-0.523988
398	-0.122213
399	-0.000000
