0	0.000000
1	0.000000
2	0.000000
3	0.000000
4	0.000000
5	0.000000
6	0.000000
7	0.000000
8	0.000000
9	0.000000
10	0.000000
11	0.000000
12	0.000000
13	0.000000
14	0.000000
15	0.000000
16	0.000000
17	0.000000
18	0.000000
19	0.000000
20	0.000000
21	1.000000
22	1.000000
23	1.000000
24	1.000000
25	1.000000
26	0.072365
27	0.000305
28	0.000000
29	0.000000
30	0.000032
31	0.001443
32	0.021573
33	0.156867
34	0.440042
35	0.877970
36	0.978788
37	1.000000
38	1.000000
39	1.000000
40	0.000000
41	1.000000
42	1.000000
43	1.000000
44	1.000000
45	0.000000
46	0.000000
47	0.000000
48	0.000000
49	0.000000
50	0.000000
51	0.000032
52	0.008162
53	0.093024
54	0.422003
55	0.844813
56	0.994723
57	1.000000
58	1.000000
59	1.000000
60	0.000000
61	0.000000
62	0.000000
63	0.000000
64	0.000000
65	0.000000
66	0.000000
67	0.000000
68	-0.000048
69	-0.000108
70	0.000000
71	0.000000
72	0.001635
73	0.047774
74	0.315551
75	0.938459
76	0.000000
77	1.000000
78	0.000000
79	0.000000
80	0.000000
81	0.000000
82	0.000000
83	-0.006065
84	-0.001271
85	0.000000
86	-0.247999
87	-0.120367
88	-0.039602
89	-0.003550
90	0.000000
91	0.000000
92	0.000000
93	0.000002
94	0.139000
95	0.000000
96	0.002134
97	0.000000
98	0.000000
99	-0.000174
100	0.000000
101	-0.130873
102	-0.249119
103	0.000000
104	-0.994599
105	-0.952193
106	-0.775624
107	-0.264290
108	-0.081108
109	-0.015081
110	-0.001577
111	0.000000
112	0.000000
113	0.000000
114	0.000000
115	0.000000
116	0.000000
117	0.000000
118	-0.820622
119	-0.508653
120	0.000000
121	-1.000000
122	-1.000000
123	-0.995075
124	-0.967476
125	-0.887765
126	-0.678062
127	-0.276711
128	-0.093106
129	-0.030708
130	-0.012949
131	-0.001577
132	-0.000028
133	0.000000
134	0.000000
135	-0.276977
136	-1.000000
137	-0.807851
138	-0.418099
139	-0.201136
140	0.000000
141	-1.000000
142	-1.000000
143	-0.980641
144	-0.887765
145	-0.600048
146	-0.418501
147	-0.201539
148	-0.091585
149	-0.038785
150	-0.030708
151	-0.012949
152	-0.019017
153	-0.041858
154	-0.276977
155	-0.581789
156	0.000000
157	-0.155584
158	-0.000026
159	-0.007635
160	0.000000
161	-0.079986
162	-0.232932
163	0.000000
164	-0.272548
165	-0.186394
166	-0.166722
167	-0.112440
168	-0.067177
169	-0.035278
170	-0.026514
171	-0.024213
172	-0.030086
173	-0.046491
174	-0.053547
175	-0.012000
176	0.000000
177	-0.000026
178	0.000000
179	0.000000
180	0.000000
181	0.000000
182	0.000000
183	-0.002830
184	0.000000
185	-0.000378
186	-0.013217
187	-0.027469
188	-0.033924
189	-0.026514
190	-0.023083
191	-0.019218
192	-0.016716
193	-0.012880
194	-0.006695
195	0.000000
196	0.000000
197	0.000000
198	0.139435
199	0.000000
200	0.000000
201	0.000000
202	0.000000
203	0.000000
204	0.000000
205	0.000000
206	-0.000378
207	-0.013217
208	-0.027469
209	-0.023083
210	-0.019218
211	-0.016716
212	-0.012880
213	-0.005259
214	-0.000004
215	0.000000
216	0.000000
217	0.376231
218	0.622185
219	0.840811
220	0.000000
221	0.002155
222	0.000326
223	0.005686
224	0.000000
225	0.000000
226	-0.000051
227	-0.012297
228	-0.024873
229	-0.028449
230	-0.023083
231	-0.014710
232	-0.005259
233	-0.000125
234	0.000000
235	0.000000
236	0.003901
237	0.101015
238	0.554746
239	0.622185
240	0.000000
241	0.000000
242	0.000000
243	0.000000
244	0.000000
245	-0.000045
246	-0.002933
247	-0.024873
248	-0.034511
249	-0.036194
250	-0.033649
251	-0.026375
252	-0.007895
253	-0.000190
254	0.000000
255	0.000000
256	0.009631
257	0.117414
258	0.586869
259	0.686300
260	0.000000
261	0.000000
262	0.000000
263	0.000000
264	-0.000045
265	-0.002933
266	-0.027361
267	-0.051639
268	-0.062509
269	-0.073293
270	-0.070759
271	-0.059103
272	-0.027509
273	-0.007049
274	0.000000
275	0.000000
276	0.004473
277	0.515214
278	0.686300
279	0.914353
280	0.000000
281	-0.046903
282	-0.085720
283	-0.103561
284	-0.108508
285	-0.119198
286	-0.113734
287	-0.118997
288	-0.133426
289	-0.143933
290	-0.161417
291	-0.157009
292	-0.083093
293	-0.035567
294	0.000000
295	0.000000
296	0.007574
297	0.000000
298	0.979493
299	0.989330
300	0.000000
301	-0.405755
302	-0.510572
303	-0.561033
304	-0.550406
305	-0.528223
306	-0.349299
307	-0.272317
308	-0.257366
309	-0.283973
310	-0.347948
311	-0.433536
312	-0.278243
313	-0.178131
314	0.000000
315	0.000000
316	0.216750
317	1.000000
318	1.000000
319	1.000000
320	0.000000
321	-0.646450
322	-0.833550
323	0.000000
324	-0.872844
325	-0.847962
326	-0.703912
327	-0.537678
328	-0.441001
329	-0.533888
330	-0.676709
331	-0.782040
332	-0.646805
333	-0.490225
334	-0.096424
335	0.000000
336	0.000000
337	1.000000
338	1.000000
339	1.000000
340	0.000000
341	-1.000000
342	-1.000000
343	-1.000000
344	-1.000000
345	0.000000
346	-0.951056
347	-0.891613
348	-0.770143
349	-0.885242
350	-0.957505
351	0.000000
352	-0.896304
353	-0.833760
354	0.000000
355	-0.056907
356	0.000000
357	0.000000
358	0.312393
359	0.115429
360	0.000000
361	-1.000000
362	-1.000000
363	-1.000000
364	-1.000000
365	-1.000000
366	-0.987320
367	-0.970531
368	-0.961883
369	-0.973728
370	-0.983097
371	-0.996363
372	-1.000000
373	-1.000000
374	-1.000000
375	-1.000000
376	0.000000
377	0.000000
378	0.000000
379	0.000000
380	0.000000
381	-1.000000
382	-1.000000
383	-1.000000
384	-1.000000
385	-1.000000
386	-0.993308
387	-0.987320
388	-0.976468
389	-0.983097
390	-0.985811
391	-0.994383
392	-1.000000
393	-1.000000
394	-1.000000
395	-1.000000
396	-0.663476
397	-0.122213
398	0.000000
399	0.000000
